1000 100 1 3
1000 100 2 3
1000 100 3 3
1000 100 4 3
1000 100 5 3
1000 100 6 3
1000 100 7 3
1000 100 8 3
1000 100 9 3
1000 100 10 3
1000 100 11 3
1000 100 12 3
1000 100 13 3
1000 100 14 3
1000 100 15 3
1000 100 16 3
1000 100 17 3
1000 100 18 3
1000 100 19 3
1000 100 20 3
1000 100 21 3
1000 100 22 3
1000 100 23 3
1000 100 24 3
1000 100 25 3
1000 100 26 3
1000 100 27 3
1000 100 28 3
1000 100 29 3
1000 100 30 3
1000 100 31 3
1000 100 32 3
1000 100 33 3
1000 100 34 3
1000 100 35 3
1000 100 36 3
1000 100 37 3
1000 100 38 3
1000 100 39 3
1000 100 40 3
1000 100 41 3
1000 100 42 3
1000 100 43 3
1000 100 44 3
1000 100 45 3
1000 100 46 3
1000 100 47 3
1000 100 48 3
1000 100 49 3
1000 100 50 3
1000 100 51 3
1000 100 52 3
1000 100 53 3
1000 100 54 3
1000 100 55 3
1000 100 56 3
1000 100 57 3
1000 100 58 3
1000 100 59 3
1000 100 60 3
1000 100 61 3
1000 100 62 3
1000 100 63 3
1000 100 64 3
1000 100 65 3
1000 100 66 3
1000 100 67 3
1000 100 68 3
1000 100 69 3
1000 100 70 3
1000 100 71 3
1000 100 72 3
1000 100 73 3
1000 100 74 3
1000 100 75 3
1000 100 76 3
1000 100 77 3
1000 100 78 3
1000 100 79 3
1000 100 80 3
1000 100 81 3
1000 100 82 3
1000 100 83 3
1000 100 84 3
1000 100 85 3
1000 100 86 3
1000 100 87 3
1000 100 88 3
1000 100 89 3
1000 100 90 3
1000 100 91 3
1000 100 92 3
1000 100 93 3
1000 100 94 3
1000 100 95 3
1000 100 96 3
1000 100 97 3
1000 100 98 3
1000 100 99 3
1000 100 100 3
1000 100 1 4
1000 100 2 4
1000 100 3 4
1000 100 4 4
1000 100 5 4
1000 100 6 4
1000 100 7 4
1000 100 8 4
1000 100 9 4
1000 100 10 4
1000 100 11 4
1000 100 12 4
1000 100 13 4
1000 100 14 4
1000 100 15 4
1000 100 16 4
1000 100 17 4
1000 100 18 4
1000 100 19 4
1000 100 20 4
1000 100 21 4
1000 100 22 4
1000 100 23 4
1000 100 24 4
1000 100 25 4
1000 100 26 4
1000 100 27 4
1000 100 28 4
1000 100 29 4
1000 100 30 4
1000 100 31 4
1000 100 32 4
1000 100 33 4
1000 100 34 4
1000 100 35 4
1000 100 36 4
1000 100 37 4
1000 100 38 4
1000 100 39 4
1000 100 40 4
1000 100 41 4
1000 100 42 4
1000 100 43 4
1000 100 44 4
1000 100 45 4
1000 100 46 4
1000 100 47 4
1000 100 48 4
1000 100 49 4
1000 100 50 4
1000 100 51 4
1000 100 52 4
1000 100 53 4
1000 100 54 4
1000 100 55 4
1000 100 56 4
1000 100 57 4
1000 100 58 4
1000 100 59 4
1000 100 60 4
1000 100 61 4
1000 100 62 4
1000 100 63 4
1000 100 64 4
1000 100 65 4
1000 100 66 4
1000 100 67 4
1000 100 68 4
1000 100 69 4
1000 100 70 4
1000 100 71 4
1000 100 72 4
1000 100 73 4
1000 100 74 4
1000 100 75 4
1000 100 76 4
1000 100 77 4
1000 100 78 4
1000 100 79 4
1000 100 80 4
1000 100 81 4
1000 100 82 4
1000 100 83 4
1000 100 84 4
1000 100 85 4
1000 100 86 4
1000 100 87 4
1000 100 88 4
1000 100 89 4
1000 100 90 4
1000 100 91 4
1000 100 92 4
1000 100 93 4
1000 100 94 4
1000 100 95 4
1000 100 96 4
1000 100 97 4
1000 100 98 4
1000 100 99 4
1000 100 100 4
