1000 10 100 1 1 4
1000 100 100 1 1 4
1000 10 100 2 1 4
1000 100 100 2 1 4
1000 10 100 3 1 4
1000 100 100 3 1 4
1000 10 100 4 1 4
1000 100 100 4 1 4
1000 10 100 5 1 4
1000 100 100 5 1 4
1000 10 100 6 1 4
1000 100 100 6 1 4
1000 10 100 7 1 4
1000 100 100 7 1 4
1000 10 100 8 1 4
1000 100 100 8 1 4
1000 10 100 9 1 4
1000 100 100 9 1 4
1000 10 100 10 1 4
1000 100 100 10 1 4
1000 10 100 11 1 4
1000 100 100 11 1 4
1000 10 100 12 1 4
1000 100 100 12 1 4
1000 10 100 13 1 4
1000 100 100 13 1 4
1000 10 100 14 1 4
1000 100 100 14 1 4
1000 10 100 15 1 4
1000 100 100 15 1 4
1000 10 100 16 1 4
1000 100 100 16 1 4
1000 10 100 17 1 4
1000 100 100 17 1 4
1000 10 100 18 1 4
1000 100 100 18 1 4
1000 10 100 19 1 4
1000 100 100 19 1 4
1000 10 100 20 1 4
1000 100 100 20 1 4
1000 10 100 21 1 4
1000 100 100 21 1 4
1000 10 100 22 1 4
1000 100 100 22 1 4
1000 10 100 23 1 4
1000 100 100 23 1 4
1000 10 100 24 1 4
1000 100 100 24 1 4
1000 10 100 25 1 4
1000 100 100 25 1 4
1000 10 100 26 1 4
1000 100 100 26 1 4
1000 10 100 27 1 4
1000 100 100 27 1 4
1000 10 100 28 1 4
1000 100 100 28 1 4
1000 10 100 29 1 4
1000 100 100 29 1 4
1000 10 100 30 1 4
1000 100 100 30 1 4
1000 10 100 31 1 4
1000 100 100 31 1 4
1000 10 100 32 1 4
1000 100 100 32 1 4
1000 10 100 33 1 4
1000 100 100 33 1 4
1000 10 100 34 1 4
1000 100 100 34 1 4
1000 10 100 35 1 4
1000 100 100 35 1 4
1000 10 100 36 1 4
1000 100 100 36 1 4
1000 10 100 37 1 4
1000 100 100 37 1 4
1000 10 100 38 1 4
1000 100 100 38 1 4
1000 10 100 39 1 4
1000 100 100 39 1 4
1000 10 100 40 1 4
1000 100 100 40 1 4
1000 10 100 41 1 4
1000 100 100 41 1 4
1000 10 100 42 1 4
1000 100 100 42 1 4
1000 10 100 43 1 4
1000 100 100 43 1 4
1000 10 100 44 1 4
1000 100 100 44 1 4
1000 10 100 45 1 4
1000 100 100 45 1 4
1000 10 100 46 1 4
1000 100 100 46 1 4
1000 10 100 47 1 4
1000 100 100 47 1 4
1000 10 100 48 1 4
1000 100 100 48 1 4
1000 10 100 49 1 4
1000 100 100 49 1 4
1000 10 100 50 1 4
1000 100 100 50 1 4
1000 10 100 51 1 4
1000 100 100 51 1 4
1000 10 100 52 1 4
1000 100 100 52 1 4
1000 10 100 53 1 4
1000 100 100 53 1 4
1000 10 100 54 1 4
1000 100 100 54 1 4
1000 10 100 55 1 4
1000 100 100 55 1 4
1000 10 100 56 1 4
1000 100 100 56 1 4
1000 10 100 57 1 4
1000 100 100 57 1 4
1000 10 100 58 1 4
1000 100 100 58 1 4
1000 10 100 59 1 4
1000 100 100 59 1 4
1000 10 100 60 1 4
1000 100 100 60 1 4
1000 10 100 61 1 4
1000 100 100 61 1 4
1000 10 100 62 1 4
1000 100 100 62 1 4
1000 10 100 63 1 4
1000 100 100 63 1 4
1000 10 100 64 1 4
1000 100 100 64 1 4
1000 10 100 65 1 4
1000 100 100 65 1 4
1000 10 100 66 1 4
1000 100 100 66 1 4
1000 10 100 67 1 4
1000 100 100 67 1 4
1000 10 100 68 1 4
1000 100 100 68 1 4
1000 10 100 69 1 4
1000 100 100 69 1 4
1000 10 100 70 1 4
1000 100 100 70 1 4
1000 10 100 71 1 4
1000 100 100 71 1 4
1000 10 100 72 1 4
1000 100 100 72 1 4
1000 10 100 73 1 4
1000 100 100 73 1 4
1000 10 100 74 1 4
1000 100 100 74 1 4
1000 10 100 75 1 4
1000 100 100 75 1 4
1000 10 100 76 1 4
1000 100 100 76 1 4
1000 10 100 77 1 4
1000 100 100 77 1 4
1000 10 100 78 1 4
1000 100 100 78 1 4
1000 10 100 79 1 4
1000 100 100 79 1 4
1000 10 100 80 1 4
1000 100 100 80 1 4
1000 10 100 81 1 4
1000 100 100 81 1 4
1000 10 100 82 1 4
1000 100 100 82 1 4
1000 10 100 83 1 4
1000 100 100 83 1 4
1000 10 100 84 1 4
1000 100 100 84 1 4
1000 10 100 85 1 4
1000 100 100 85 1 4
1000 10 100 86 1 4
1000 100 100 86 1 4
1000 10 100 87 1 4
1000 100 100 87 1 4
1000 10 100 88 1 4
1000 100 100 88 1 4
1000 10 100 89 1 4
1000 100 100 89 1 4
1000 10 100 90 1 4
1000 100 100 90 1 4
1000 10 100 91 1 4
1000 100 100 91 1 4
1000 10 100 92 1 4
1000 100 100 92 1 4
1000 10 100 93 1 4
1000 100 100 93 1 4
1000 10 100 94 1 4
1000 100 100 94 1 4
1000 10 100 95 1 4
1000 100 100 95 1 4
1000 10 100 96 1 4
1000 100 100 96 1 4
1000 10 100 97 1 4
1000 100 100 97 1 4
1000 10 100 98 1 4
1000 100 100 98 1 4
1000 10 100 99 1 4
1000 100 100 99 1 4
1000 10 100 100 1 4
1000 100 100 100 1 4
1000 10 100 1 2 4
1000 100 100 1 2 4
1000 10 100 2 2 4
1000 100 100 2 2 4
1000 10 100 3 2 4
1000 100 100 3 2 4
1000 10 100 4 2 4
1000 100 100 4 2 4
1000 10 100 5 2 4
1000 100 100 5 2 4
1000 10 100 6 2 4
1000 100 100 6 2 4
1000 10 100 7 2 4
1000 100 100 7 2 4
1000 10 100 8 2 4
1000 100 100 8 2 4
1000 10 100 9 2 4
1000 100 100 9 2 4
1000 10 100 10 2 4
1000 100 100 10 2 4
1000 10 100 11 2 4
1000 100 100 11 2 4
1000 10 100 12 2 4
1000 100 100 12 2 4
1000 10 100 13 2 4
1000 100 100 13 2 4
1000 10 100 14 2 4
1000 100 100 14 2 4
1000 10 100 15 2 4
1000 100 100 15 2 4
1000 10 100 16 2 4
1000 100 100 16 2 4
1000 10 100 17 2 4
1000 100 100 17 2 4
1000 10 100 18 2 4
1000 100 100 18 2 4
1000 10 100 19 2 4
1000 100 100 19 2 4
1000 10 100 20 2 4
1000 100 100 20 2 4
1000 10 100 21 2 4
1000 100 100 21 2 4
1000 10 100 22 2 4
1000 100 100 22 2 4
1000 10 100 23 2 4
1000 100 100 23 2 4
1000 10 100 24 2 4
1000 100 100 24 2 4
1000 10 100 25 2 4
1000 100 100 25 2 4
1000 10 100 26 2 4
1000 100 100 26 2 4
1000 10 100 27 2 4
1000 100 100 27 2 4
1000 10 100 28 2 4
1000 100 100 28 2 4
1000 10 100 29 2 4
1000 100 100 29 2 4
1000 10 100 30 2 4
1000 100 100 30 2 4
1000 10 100 31 2 4
1000 100 100 31 2 4
1000 10 100 32 2 4
1000 100 100 32 2 4
1000 10 100 33 2 4
1000 100 100 33 2 4
1000 10 100 34 2 4
1000 100 100 34 2 4
1000 10 100 35 2 4
1000 100 100 35 2 4
1000 10 100 36 2 4
1000 100 100 36 2 4
1000 10 100 37 2 4
1000 100 100 37 2 4
1000 10 100 38 2 4
1000 100 100 38 2 4
1000 10 100 39 2 4
1000 100 100 39 2 4
1000 10 100 40 2 4
1000 100 100 40 2 4
1000 10 100 41 2 4
1000 100 100 41 2 4
1000 10 100 42 2 4
1000 100 100 42 2 4
1000 10 100 43 2 4
1000 100 100 43 2 4
1000 10 100 44 2 4
1000 100 100 44 2 4
1000 10 100 45 2 4
1000 100 100 45 2 4
1000 10 100 46 2 4
1000 100 100 46 2 4
1000 10 100 47 2 4
1000 100 100 47 2 4
1000 10 100 48 2 4
1000 100 100 48 2 4
1000 10 100 49 2 4
1000 100 100 49 2 4
1000 10 100 50 2 4
1000 100 100 50 2 4
1000 10 100 51 2 4
1000 100 100 51 2 4
1000 10 100 52 2 4
1000 100 100 52 2 4
1000 10 100 53 2 4
1000 100 100 53 2 4
1000 10 100 54 2 4
1000 100 100 54 2 4
1000 10 100 55 2 4
1000 100 100 55 2 4
1000 10 100 56 2 4
1000 100 100 56 2 4
1000 10 100 57 2 4
1000 100 100 57 2 4
1000 10 100 58 2 4
1000 100 100 58 2 4
1000 10 100 59 2 4
1000 100 100 59 2 4
1000 10 100 60 2 4
1000 100 100 60 2 4
1000 10 100 61 2 4
1000 100 100 61 2 4
1000 10 100 62 2 4
1000 100 100 62 2 4
1000 10 100 63 2 4
1000 100 100 63 2 4
1000 10 100 64 2 4
1000 100 100 64 2 4
1000 10 100 65 2 4
1000 100 100 65 2 4
1000 10 100 66 2 4
1000 100 100 66 2 4
1000 10 100 67 2 4
1000 100 100 67 2 4
1000 10 100 68 2 4
1000 100 100 68 2 4
1000 10 100 69 2 4
1000 100 100 69 2 4
1000 10 100 70 2 4
1000 100 100 70 2 4
1000 10 100 71 2 4
1000 100 100 71 2 4
1000 10 100 72 2 4
1000 100 100 72 2 4
1000 10 100 73 2 4
1000 100 100 73 2 4
1000 10 100 74 2 4
1000 100 100 74 2 4
1000 10 100 75 2 4
1000 100 100 75 2 4
1000 10 100 76 2 4
1000 100 100 76 2 4
1000 10 100 77 2 4
1000 100 100 77 2 4
1000 10 100 78 2 4
1000 100 100 78 2 4
1000 10 100 79 2 4
1000 100 100 79 2 4
1000 10 100 80 2 4
1000 100 100 80 2 4
1000 10 100 81 2 4
1000 100 100 81 2 4
1000 10 100 82 2 4
1000 100 100 82 2 4
1000 10 100 83 2 4
1000 100 100 83 2 4
1000 10 100 84 2 4
1000 100 100 84 2 4
1000 10 100 85 2 4
1000 100 100 85 2 4
1000 10 100 86 2 4
1000 100 100 86 2 4
1000 10 100 87 2 4
1000 100 100 87 2 4
1000 10 100 88 2 4
1000 100 100 88 2 4
1000 10 100 89 2 4
1000 100 100 89 2 4
1000 10 100 90 2 4
1000 100 100 90 2 4
1000 10 100 91 2 4
1000 100 100 91 2 4
1000 10 100 92 2 4
1000 100 100 92 2 4
1000 10 100 93 2 4
1000 100 100 93 2 4
1000 10 100 94 2 4
1000 100 100 94 2 4
1000 10 100 95 2 4
1000 100 100 95 2 4
1000 10 100 96 2 4
1000 100 100 96 2 4
1000 10 100 97 2 4
1000 100 100 97 2 4
1000 10 100 98 2 4
1000 100 100 98 2 4
1000 10 100 99 2 4
1000 100 100 99 2 4
1000 10 100 100 2 4
1000 100 100 100 2 4
1000 10 100 1 3 4
1000 100 100 1 3 4
1000 10 100 2 3 4
1000 100 100 2 3 4
1000 10 100 3 3 4
1000 100 100 3 3 4
1000 10 100 4 3 4
1000 100 100 4 3 4
1000 10 100 5 3 4
1000 100 100 5 3 4
1000 10 100 6 3 4
1000 100 100 6 3 4
1000 10 100 7 3 4
1000 100 100 7 3 4
1000 10 100 8 3 4
1000 100 100 8 3 4
1000 10 100 9 3 4
1000 100 100 9 3 4
1000 10 100 10 3 4
1000 100 100 10 3 4
1000 10 100 11 3 4
1000 100 100 11 3 4
1000 10 100 12 3 4
1000 100 100 12 3 4
1000 10 100 13 3 4
1000 100 100 13 3 4
1000 10 100 14 3 4
1000 100 100 14 3 4
1000 10 100 15 3 4
1000 100 100 15 3 4
1000 10 100 16 3 4
1000 100 100 16 3 4
1000 10 100 17 3 4
1000 100 100 17 3 4
1000 10 100 18 3 4
1000 100 100 18 3 4
1000 10 100 19 3 4
1000 100 100 19 3 4
1000 10 100 20 3 4
1000 100 100 20 3 4
1000 10 100 21 3 4
1000 100 100 21 3 4
1000 10 100 22 3 4
1000 100 100 22 3 4
1000 10 100 23 3 4
1000 100 100 23 3 4
1000 10 100 24 3 4
1000 100 100 24 3 4
1000 10 100 25 3 4
1000 100 100 25 3 4
1000 10 100 26 3 4
1000 100 100 26 3 4
1000 10 100 27 3 4
1000 100 100 27 3 4
1000 10 100 28 3 4
1000 100 100 28 3 4
1000 10 100 29 3 4
1000 100 100 29 3 4
1000 10 100 30 3 4
1000 100 100 30 3 4
1000 10 100 31 3 4
1000 100 100 31 3 4
1000 10 100 32 3 4
1000 100 100 32 3 4
1000 10 100 33 3 4
1000 100 100 33 3 4
1000 10 100 34 3 4
1000 100 100 34 3 4
1000 10 100 35 3 4
1000 100 100 35 3 4
1000 10 100 36 3 4
1000 100 100 36 3 4
1000 10 100 37 3 4
1000 100 100 37 3 4
1000 10 100 38 3 4
1000 100 100 38 3 4
1000 10 100 39 3 4
1000 100 100 39 3 4
1000 10 100 40 3 4
1000 100 100 40 3 4
1000 10 100 41 3 4
1000 100 100 41 3 4
1000 10 100 42 3 4
1000 100 100 42 3 4
1000 10 100 43 3 4
1000 100 100 43 3 4
1000 10 100 44 3 4
1000 100 100 44 3 4
1000 10 100 45 3 4
1000 100 100 45 3 4
1000 10 100 46 3 4
1000 100 100 46 3 4
1000 10 100 47 3 4
1000 100 100 47 3 4
1000 10 100 48 3 4
1000 100 100 48 3 4
1000 10 100 49 3 4
1000 100 100 49 3 4
1000 10 100 50 3 4
1000 100 100 50 3 4
1000 10 100 51 3 4
1000 100 100 51 3 4
1000 10 100 52 3 4
1000 100 100 52 3 4
1000 10 100 53 3 4
1000 100 100 53 3 4
1000 10 100 54 3 4
1000 100 100 54 3 4
1000 10 100 55 3 4
1000 100 100 55 3 4
1000 10 100 56 3 4
1000 100 100 56 3 4
1000 10 100 57 3 4
1000 100 100 57 3 4
1000 10 100 58 3 4
1000 100 100 58 3 4
1000 10 100 59 3 4
1000 100 100 59 3 4
1000 10 100 60 3 4
1000 100 100 60 3 4
1000 10 100 61 3 4
1000 100 100 61 3 4
1000 10 100 62 3 4
1000 100 100 62 3 4
1000 10 100 63 3 4
1000 100 100 63 3 4
1000 10 100 64 3 4
1000 100 100 64 3 4
1000 10 100 65 3 4
1000 100 100 65 3 4
1000 10 100 66 3 4
1000 100 100 66 3 4
1000 10 100 67 3 4
1000 100 100 67 3 4
1000 10 100 68 3 4
1000 100 100 68 3 4
1000 10 100 69 3 4
1000 100 100 69 3 4
1000 10 100 70 3 4
1000 100 100 70 3 4
1000 10 100 71 3 4
1000 100 100 71 3 4
1000 10 100 72 3 4
1000 100 100 72 3 4
1000 10 100 73 3 4
1000 100 100 73 3 4
1000 10 100 74 3 4
1000 100 100 74 3 4
1000 10 100 75 3 4
1000 100 100 75 3 4
1000 10 100 76 3 4
1000 100 100 76 3 4
1000 10 100 77 3 4
1000 100 100 77 3 4
1000 10 100 78 3 4
1000 100 100 78 3 4
1000 10 100 79 3 4
1000 100 100 79 3 4
1000 10 100 80 3 4
1000 100 100 80 3 4
1000 10 100 81 3 4
1000 100 100 81 3 4
1000 10 100 82 3 4
1000 100 100 82 3 4
1000 10 100 83 3 4
1000 100 100 83 3 4
1000 10 100 84 3 4
1000 100 100 84 3 4
1000 10 100 85 3 4
1000 100 100 85 3 4
1000 10 100 86 3 4
1000 100 100 86 3 4
1000 10 100 87 3 4
1000 100 100 87 3 4
1000 10 100 88 3 4
1000 100 100 88 3 4
1000 10 100 89 3 4
1000 100 100 89 3 4
1000 10 100 90 3 4
1000 100 100 90 3 4
1000 10 100 91 3 4
1000 100 100 91 3 4
1000 10 100 92 3 4
1000 100 100 92 3 4
1000 10 100 93 3 4
1000 100 100 93 3 4
1000 10 100 94 3 4
1000 100 100 94 3 4
1000 10 100 95 3 4
1000 100 100 95 3 4
1000 10 100 96 3 4
1000 100 100 96 3 4
1000 10 100 97 3 4
1000 100 100 97 3 4
1000 10 100 98 3 4
1000 100 100 98 3 4
1000 10 100 99 3 4
1000 100 100 99 3 4
1000 10 100 100 3 4
1000 100 100 100 3 4
1000 10 100 1 4 4
1000 100 100 1 4 4
1000 10 100 2 4 4
1000 100 100 2 4 4
1000 10 100 3 4 4
1000 100 100 3 4 4
1000 10 100 4 4 4
1000 100 100 4 4 4
1000 10 100 5 4 4
1000 100 100 5 4 4
1000 10 100 6 4 4
1000 100 100 6 4 4
1000 10 100 7 4 4
1000 100 100 7 4 4
1000 10 100 8 4 4
1000 100 100 8 4 4
1000 10 100 9 4 4
1000 100 100 9 4 4
1000 10 100 10 4 4
1000 100 100 10 4 4
1000 10 100 11 4 4
1000 100 100 11 4 4
1000 10 100 12 4 4
1000 100 100 12 4 4
1000 10 100 13 4 4
1000 100 100 13 4 4
1000 10 100 14 4 4
1000 100 100 14 4 4
1000 10 100 15 4 4
1000 100 100 15 4 4
1000 10 100 16 4 4
1000 100 100 16 4 4
1000 10 100 17 4 4
1000 100 100 17 4 4
1000 10 100 18 4 4
1000 100 100 18 4 4
1000 10 100 19 4 4
1000 100 100 19 4 4
1000 10 100 20 4 4
1000 100 100 20 4 4
1000 10 100 21 4 4
1000 100 100 21 4 4
1000 10 100 22 4 4
1000 100 100 22 4 4
1000 10 100 23 4 4
1000 100 100 23 4 4
1000 10 100 24 4 4
1000 100 100 24 4 4
1000 10 100 25 4 4
1000 100 100 25 4 4
1000 10 100 26 4 4
1000 100 100 26 4 4
1000 10 100 27 4 4
1000 100 100 27 4 4
1000 10 100 28 4 4
1000 100 100 28 4 4
1000 10 100 29 4 4
1000 100 100 29 4 4
1000 10 100 30 4 4
1000 100 100 30 4 4
1000 10 100 31 4 4
1000 100 100 31 4 4
1000 10 100 32 4 4
1000 100 100 32 4 4
1000 10 100 33 4 4
1000 100 100 33 4 4
1000 10 100 34 4 4
1000 100 100 34 4 4
1000 10 100 35 4 4
1000 100 100 35 4 4
1000 10 100 36 4 4
1000 100 100 36 4 4
1000 10 100 37 4 4
1000 100 100 37 4 4
1000 10 100 38 4 4
1000 100 100 38 4 4
1000 10 100 39 4 4
1000 100 100 39 4 4
1000 10 100 40 4 4
1000 100 100 40 4 4
1000 10 100 41 4 4
1000 100 100 41 4 4
1000 10 100 42 4 4
1000 100 100 42 4 4
1000 10 100 43 4 4
1000 100 100 43 4 4
1000 10 100 44 4 4
1000 100 100 44 4 4
1000 10 100 45 4 4
1000 100 100 45 4 4
1000 10 100 46 4 4
1000 100 100 46 4 4
1000 10 100 47 4 4
1000 100 100 47 4 4
1000 10 100 48 4 4
1000 100 100 48 4 4
1000 10 100 49 4 4
1000 100 100 49 4 4
1000 10 100 50 4 4
1000 100 100 50 4 4
1000 10 100 51 4 4
1000 100 100 51 4 4
1000 10 100 52 4 4
1000 100 100 52 4 4
1000 10 100 53 4 4
1000 100 100 53 4 4
1000 10 100 54 4 4
1000 100 100 54 4 4
1000 10 100 55 4 4
1000 100 100 55 4 4
1000 10 100 56 4 4
1000 100 100 56 4 4
1000 10 100 57 4 4
1000 100 100 57 4 4
1000 10 100 58 4 4
1000 100 100 58 4 4
1000 10 100 59 4 4
1000 100 100 59 4 4
1000 10 100 60 4 4
1000 100 100 60 4 4
1000 10 100 61 4 4
1000 100 100 61 4 4
1000 10 100 62 4 4
1000 100 100 62 4 4
1000 10 100 63 4 4
1000 100 100 63 4 4
1000 10 100 64 4 4
1000 100 100 64 4 4
1000 10 100 65 4 4
1000 100 100 65 4 4
1000 10 100 66 4 4
1000 100 100 66 4 4
1000 10 100 67 4 4
1000 100 100 67 4 4
1000 10 100 68 4 4
1000 100 100 68 4 4
1000 10 100 69 4 4
1000 100 100 69 4 4
1000 10 100 70 4 4
1000 100 100 70 4 4
1000 10 100 71 4 4
1000 100 100 71 4 4
1000 10 100 72 4 4
1000 100 100 72 4 4
1000 10 100 73 4 4
1000 100 100 73 4 4
1000 10 100 74 4 4
1000 100 100 74 4 4
1000 10 100 75 4 4
1000 100 100 75 4 4
1000 10 100 76 4 4
1000 100 100 76 4 4
1000 10 100 77 4 4
1000 100 100 77 4 4
1000 10 100 78 4 4
1000 100 100 78 4 4
1000 10 100 79 4 4
1000 100 100 79 4 4
1000 10 100 80 4 4
1000 100 100 80 4 4
1000 10 100 81 4 4
1000 100 100 81 4 4
1000 10 100 82 4 4
1000 100 100 82 4 4
1000 10 100 83 4 4
1000 100 100 83 4 4
1000 10 100 84 4 4
1000 100 100 84 4 4
1000 10 100 85 4 4
1000 100 100 85 4 4
1000 10 100 86 4 4
1000 100 100 86 4 4
1000 10 100 87 4 4
1000 100 100 87 4 4
1000 10 100 88 4 4
1000 100 100 88 4 4
1000 10 100 89 4 4
1000 100 100 89 4 4
1000 10 100 90 4 4
1000 100 100 90 4 4
1000 10 100 91 4 4
1000 100 100 91 4 4
1000 10 100 92 4 4
1000 100 100 92 4 4
1000 10 100 93 4 4
1000 100 100 93 4 4
1000 10 100 94 4 4
1000 100 100 94 4 4
1000 10 100 95 4 4
1000 100 100 95 4 4
1000 10 100 96 4 4
1000 100 100 96 4 4
1000 10 100 97 4 4
1000 100 100 97 4 4
1000 10 100 98 4 4
1000 100 100 98 4 4
1000 10 100 99 4 4
1000 100 100 99 4 4
1000 10 100 100 4 4
1000 100 100 100 4 4
1000 10 100 1 1 5
1000 100 100 1 1 5
1000 10 100 2 1 5
1000 100 100 2 1 5
1000 10 100 3 1 5
1000 100 100 3 1 5
1000 10 100 4 1 5
1000 100 100 4 1 5
1000 10 100 5 1 5
1000 100 100 5 1 5
1000 10 100 6 1 5
1000 100 100 6 1 5
1000 10 100 7 1 5
1000 100 100 7 1 5
1000 10 100 8 1 5
1000 100 100 8 1 5
1000 10 100 9 1 5
1000 100 100 9 1 5
1000 10 100 10 1 5
1000 100 100 10 1 5
1000 10 100 11 1 5
1000 100 100 11 1 5
1000 10 100 12 1 5
1000 100 100 12 1 5
1000 10 100 13 1 5
1000 100 100 13 1 5
1000 10 100 14 1 5
1000 100 100 14 1 5
1000 10 100 15 1 5
1000 100 100 15 1 5
1000 10 100 16 1 5
1000 100 100 16 1 5
1000 10 100 17 1 5
1000 100 100 17 1 5
1000 10 100 18 1 5
1000 100 100 18 1 5
1000 10 100 19 1 5
1000 100 100 19 1 5
1000 10 100 20 1 5
1000 100 100 20 1 5
1000 10 100 21 1 5
1000 100 100 21 1 5
1000 10 100 22 1 5
1000 100 100 22 1 5
1000 10 100 23 1 5
1000 100 100 23 1 5
1000 10 100 24 1 5
1000 100 100 24 1 5
1000 10 100 25 1 5
1000 100 100 25 1 5
1000 10 100 26 1 5
1000 100 100 26 1 5
1000 10 100 27 1 5
1000 100 100 27 1 5
1000 10 100 28 1 5
1000 100 100 28 1 5
1000 10 100 29 1 5
1000 100 100 29 1 5
1000 10 100 30 1 5
1000 100 100 30 1 5
1000 10 100 31 1 5
1000 100 100 31 1 5
1000 10 100 32 1 5
1000 100 100 32 1 5
1000 10 100 33 1 5
1000 100 100 33 1 5
1000 10 100 34 1 5
1000 100 100 34 1 5
1000 10 100 35 1 5
1000 100 100 35 1 5
1000 10 100 36 1 5
1000 100 100 36 1 5
1000 10 100 37 1 5
1000 100 100 37 1 5
1000 10 100 38 1 5
1000 100 100 38 1 5
1000 10 100 39 1 5
1000 100 100 39 1 5
1000 10 100 40 1 5
1000 100 100 40 1 5
1000 10 100 41 1 5
1000 100 100 41 1 5
1000 10 100 42 1 5
1000 100 100 42 1 5
1000 10 100 43 1 5
1000 100 100 43 1 5
1000 10 100 44 1 5
1000 100 100 44 1 5
1000 10 100 45 1 5
1000 100 100 45 1 5
1000 10 100 46 1 5
1000 100 100 46 1 5
1000 10 100 47 1 5
1000 100 100 47 1 5
1000 10 100 48 1 5
1000 100 100 48 1 5
1000 10 100 49 1 5
1000 100 100 49 1 5
1000 10 100 50 1 5
1000 100 100 50 1 5
1000 10 100 51 1 5
1000 100 100 51 1 5
1000 10 100 52 1 5
1000 100 100 52 1 5
1000 10 100 53 1 5
1000 100 100 53 1 5
1000 10 100 54 1 5
1000 100 100 54 1 5
1000 10 100 55 1 5
1000 100 100 55 1 5
1000 10 100 56 1 5
1000 100 100 56 1 5
1000 10 100 57 1 5
1000 100 100 57 1 5
1000 10 100 58 1 5
1000 100 100 58 1 5
1000 10 100 59 1 5
1000 100 100 59 1 5
1000 10 100 60 1 5
1000 100 100 60 1 5
1000 10 100 61 1 5
1000 100 100 61 1 5
1000 10 100 62 1 5
1000 100 100 62 1 5
1000 10 100 63 1 5
1000 100 100 63 1 5
1000 10 100 64 1 5
1000 100 100 64 1 5
1000 10 100 65 1 5
1000 100 100 65 1 5
1000 10 100 66 1 5
1000 100 100 66 1 5
1000 10 100 67 1 5
1000 100 100 67 1 5
1000 10 100 68 1 5
1000 100 100 68 1 5
1000 10 100 69 1 5
1000 100 100 69 1 5
1000 10 100 70 1 5
1000 100 100 70 1 5
1000 10 100 71 1 5
1000 100 100 71 1 5
1000 10 100 72 1 5
1000 100 100 72 1 5
1000 10 100 73 1 5
1000 100 100 73 1 5
1000 10 100 74 1 5
1000 100 100 74 1 5
1000 10 100 75 1 5
1000 100 100 75 1 5
1000 10 100 76 1 5
1000 100 100 76 1 5
1000 10 100 77 1 5
1000 100 100 77 1 5
1000 10 100 78 1 5
1000 100 100 78 1 5
1000 10 100 79 1 5
1000 100 100 79 1 5
1000 10 100 80 1 5
1000 100 100 80 1 5
1000 10 100 81 1 5
1000 100 100 81 1 5
1000 10 100 82 1 5
1000 100 100 82 1 5
1000 10 100 83 1 5
1000 100 100 83 1 5
1000 10 100 84 1 5
1000 100 100 84 1 5
1000 10 100 85 1 5
1000 100 100 85 1 5
1000 10 100 86 1 5
1000 100 100 86 1 5
1000 10 100 87 1 5
1000 100 100 87 1 5
1000 10 100 88 1 5
1000 100 100 88 1 5
1000 10 100 89 1 5
1000 100 100 89 1 5
1000 10 100 90 1 5
1000 100 100 90 1 5
1000 10 100 91 1 5
1000 100 100 91 1 5
1000 10 100 92 1 5
1000 100 100 92 1 5
1000 10 100 93 1 5
1000 100 100 93 1 5
1000 10 100 94 1 5
1000 100 100 94 1 5
1000 10 100 95 1 5
1000 100 100 95 1 5
1000 10 100 96 1 5
1000 100 100 96 1 5
1000 10 100 97 1 5
1000 100 100 97 1 5
1000 10 100 98 1 5
1000 100 100 98 1 5
1000 10 100 99 1 5
1000 100 100 99 1 5
1000 10 100 100 1 5
1000 100 100 100 1 5
1000 10 100 1 2 5
1000 100 100 1 2 5
1000 10 100 2 2 5
1000 100 100 2 2 5
1000 10 100 3 2 5
1000 100 100 3 2 5
1000 10 100 4 2 5
1000 100 100 4 2 5
1000 10 100 5 2 5
1000 100 100 5 2 5
1000 10 100 6 2 5
1000 100 100 6 2 5
1000 10 100 7 2 5
1000 100 100 7 2 5
1000 10 100 8 2 5
1000 100 100 8 2 5
1000 10 100 9 2 5
1000 100 100 9 2 5
1000 10 100 10 2 5
1000 100 100 10 2 5
1000 10 100 11 2 5
1000 100 100 11 2 5
1000 10 100 12 2 5
1000 100 100 12 2 5
1000 10 100 13 2 5
1000 100 100 13 2 5
1000 10 100 14 2 5
1000 100 100 14 2 5
1000 10 100 15 2 5
1000 100 100 15 2 5
1000 10 100 16 2 5
1000 100 100 16 2 5
1000 10 100 17 2 5
1000 100 100 17 2 5
1000 10 100 18 2 5
1000 100 100 18 2 5
1000 10 100 19 2 5
1000 100 100 19 2 5
1000 10 100 20 2 5
1000 100 100 20 2 5
1000 10 100 21 2 5
1000 100 100 21 2 5
1000 10 100 22 2 5
1000 100 100 22 2 5
1000 10 100 23 2 5
1000 100 100 23 2 5
1000 10 100 24 2 5
1000 100 100 24 2 5
1000 10 100 25 2 5
1000 100 100 25 2 5
1000 10 100 26 2 5
1000 100 100 26 2 5
1000 10 100 27 2 5
1000 100 100 27 2 5
1000 10 100 28 2 5
1000 100 100 28 2 5
1000 10 100 29 2 5
1000 100 100 29 2 5
1000 10 100 30 2 5
1000 100 100 30 2 5
1000 10 100 31 2 5
1000 100 100 31 2 5
1000 10 100 32 2 5
1000 100 100 32 2 5
1000 10 100 33 2 5
1000 100 100 33 2 5
1000 10 100 34 2 5
1000 100 100 34 2 5
1000 10 100 35 2 5
1000 100 100 35 2 5
1000 10 100 36 2 5
1000 100 100 36 2 5
1000 10 100 37 2 5
1000 100 100 37 2 5
1000 10 100 38 2 5
1000 100 100 38 2 5
1000 10 100 39 2 5
1000 100 100 39 2 5
1000 10 100 40 2 5
1000 100 100 40 2 5
1000 10 100 41 2 5
1000 100 100 41 2 5
1000 10 100 42 2 5
1000 100 100 42 2 5
1000 10 100 43 2 5
1000 100 100 43 2 5
1000 10 100 44 2 5
1000 100 100 44 2 5
1000 10 100 45 2 5
1000 100 100 45 2 5
1000 10 100 46 2 5
1000 100 100 46 2 5
1000 10 100 47 2 5
1000 100 100 47 2 5
1000 10 100 48 2 5
1000 100 100 48 2 5
1000 10 100 49 2 5
1000 100 100 49 2 5
1000 10 100 50 2 5
1000 100 100 50 2 5
1000 10 100 51 2 5
1000 100 100 51 2 5
1000 10 100 52 2 5
1000 100 100 52 2 5
1000 10 100 53 2 5
1000 100 100 53 2 5
1000 10 100 54 2 5
1000 100 100 54 2 5
1000 10 100 55 2 5
1000 100 100 55 2 5
1000 10 100 56 2 5
1000 100 100 56 2 5
1000 10 100 57 2 5
1000 100 100 57 2 5
1000 10 100 58 2 5
1000 100 100 58 2 5
1000 10 100 59 2 5
1000 100 100 59 2 5
1000 10 100 60 2 5
1000 100 100 60 2 5
1000 10 100 61 2 5
1000 100 100 61 2 5
1000 10 100 62 2 5
1000 100 100 62 2 5
1000 10 100 63 2 5
1000 100 100 63 2 5
1000 10 100 64 2 5
1000 100 100 64 2 5
1000 10 100 65 2 5
1000 100 100 65 2 5
1000 10 100 66 2 5
1000 100 100 66 2 5
1000 10 100 67 2 5
1000 100 100 67 2 5
1000 10 100 68 2 5
1000 100 100 68 2 5
1000 10 100 69 2 5
1000 100 100 69 2 5
1000 10 100 70 2 5
1000 100 100 70 2 5
1000 10 100 71 2 5
1000 100 100 71 2 5
1000 10 100 72 2 5
1000 100 100 72 2 5
1000 10 100 73 2 5
1000 100 100 73 2 5
1000 10 100 74 2 5
1000 100 100 74 2 5
1000 10 100 75 2 5
1000 100 100 75 2 5
1000 10 100 76 2 5
1000 100 100 76 2 5
1000 10 100 77 2 5
1000 100 100 77 2 5
1000 10 100 78 2 5
1000 100 100 78 2 5
1000 10 100 79 2 5
1000 100 100 79 2 5
1000 10 100 80 2 5
1000 100 100 80 2 5
1000 10 100 81 2 5
1000 100 100 81 2 5
1000 10 100 82 2 5
1000 100 100 82 2 5
1000 10 100 83 2 5
1000 100 100 83 2 5
1000 10 100 84 2 5
1000 100 100 84 2 5
1000 10 100 85 2 5
1000 100 100 85 2 5
1000 10 100 86 2 5
1000 100 100 86 2 5
1000 10 100 87 2 5
1000 100 100 87 2 5
1000 10 100 88 2 5
1000 100 100 88 2 5
1000 10 100 89 2 5
1000 100 100 89 2 5
1000 10 100 90 2 5
1000 100 100 90 2 5
1000 10 100 91 2 5
1000 100 100 91 2 5
1000 10 100 92 2 5
1000 100 100 92 2 5
1000 10 100 93 2 5
1000 100 100 93 2 5
1000 10 100 94 2 5
1000 100 100 94 2 5
1000 10 100 95 2 5
1000 100 100 95 2 5
1000 10 100 96 2 5
1000 100 100 96 2 5
1000 10 100 97 2 5
1000 100 100 97 2 5
1000 10 100 98 2 5
1000 100 100 98 2 5
1000 10 100 99 2 5
1000 100 100 99 2 5
1000 10 100 100 2 5
1000 100 100 100 2 5
1000 10 100 1 3 5
1000 100 100 1 3 5
1000 10 100 2 3 5
1000 100 100 2 3 5
1000 10 100 3 3 5
1000 100 100 3 3 5
1000 10 100 4 3 5
1000 100 100 4 3 5
1000 10 100 5 3 5
1000 100 100 5 3 5
1000 10 100 6 3 5
1000 100 100 6 3 5
1000 10 100 7 3 5
1000 100 100 7 3 5
1000 10 100 8 3 5
1000 100 100 8 3 5
1000 10 100 9 3 5
1000 100 100 9 3 5
1000 10 100 10 3 5
1000 100 100 10 3 5
1000 10 100 11 3 5
1000 100 100 11 3 5
1000 10 100 12 3 5
1000 100 100 12 3 5
1000 10 100 13 3 5
1000 100 100 13 3 5
1000 10 100 14 3 5
1000 100 100 14 3 5
1000 10 100 15 3 5
1000 100 100 15 3 5
1000 10 100 16 3 5
1000 100 100 16 3 5
1000 10 100 17 3 5
1000 100 100 17 3 5
1000 10 100 18 3 5
1000 100 100 18 3 5
1000 10 100 19 3 5
1000 100 100 19 3 5
1000 10 100 20 3 5
1000 100 100 20 3 5
1000 10 100 21 3 5
1000 100 100 21 3 5
1000 10 100 22 3 5
1000 100 100 22 3 5
1000 10 100 23 3 5
1000 100 100 23 3 5
1000 10 100 24 3 5
1000 100 100 24 3 5
1000 10 100 25 3 5
1000 100 100 25 3 5
1000 10 100 26 3 5
1000 100 100 26 3 5
1000 10 100 27 3 5
1000 100 100 27 3 5
1000 10 100 28 3 5
1000 100 100 28 3 5
1000 10 100 29 3 5
1000 100 100 29 3 5
1000 10 100 30 3 5
1000 100 100 30 3 5
1000 10 100 31 3 5
1000 100 100 31 3 5
1000 10 100 32 3 5
1000 100 100 32 3 5
1000 10 100 33 3 5
1000 100 100 33 3 5
1000 10 100 34 3 5
1000 100 100 34 3 5
1000 10 100 35 3 5
1000 100 100 35 3 5
1000 10 100 36 3 5
1000 100 100 36 3 5
1000 10 100 37 3 5
1000 100 100 37 3 5
1000 10 100 38 3 5
1000 100 100 38 3 5
1000 10 100 39 3 5
1000 100 100 39 3 5
1000 10 100 40 3 5
1000 100 100 40 3 5
1000 10 100 41 3 5
1000 100 100 41 3 5
1000 10 100 42 3 5
1000 100 100 42 3 5
1000 10 100 43 3 5
1000 100 100 43 3 5
1000 10 100 44 3 5
1000 100 100 44 3 5
1000 10 100 45 3 5
1000 100 100 45 3 5
1000 10 100 46 3 5
1000 100 100 46 3 5
1000 10 100 47 3 5
1000 100 100 47 3 5
1000 10 100 48 3 5
1000 100 100 48 3 5
1000 10 100 49 3 5
1000 100 100 49 3 5
1000 10 100 50 3 5
1000 100 100 50 3 5
1000 10 100 51 3 5
1000 100 100 51 3 5
1000 10 100 52 3 5
1000 100 100 52 3 5
1000 10 100 53 3 5
1000 100 100 53 3 5
1000 10 100 54 3 5
1000 100 100 54 3 5
1000 10 100 55 3 5
1000 100 100 55 3 5
1000 10 100 56 3 5
1000 100 100 56 3 5
1000 10 100 57 3 5
1000 100 100 57 3 5
1000 10 100 58 3 5
1000 100 100 58 3 5
1000 10 100 59 3 5
1000 100 100 59 3 5
1000 10 100 60 3 5
1000 100 100 60 3 5
1000 10 100 61 3 5
1000 100 100 61 3 5
1000 10 100 62 3 5
1000 100 100 62 3 5
1000 10 100 63 3 5
1000 100 100 63 3 5
1000 10 100 64 3 5
1000 100 100 64 3 5
1000 10 100 65 3 5
1000 100 100 65 3 5
1000 10 100 66 3 5
1000 100 100 66 3 5
1000 10 100 67 3 5
1000 100 100 67 3 5
1000 10 100 68 3 5
1000 100 100 68 3 5
1000 10 100 69 3 5
1000 100 100 69 3 5
1000 10 100 70 3 5
1000 100 100 70 3 5
1000 10 100 71 3 5
1000 100 100 71 3 5
1000 10 100 72 3 5
1000 100 100 72 3 5
1000 10 100 73 3 5
1000 100 100 73 3 5
1000 10 100 74 3 5
1000 100 100 74 3 5
1000 10 100 75 3 5
1000 100 100 75 3 5
1000 10 100 76 3 5
1000 100 100 76 3 5
1000 10 100 77 3 5
1000 100 100 77 3 5
1000 10 100 78 3 5
1000 100 100 78 3 5
1000 10 100 79 3 5
1000 100 100 79 3 5
1000 10 100 80 3 5
1000 100 100 80 3 5
1000 10 100 81 3 5
1000 100 100 81 3 5
1000 10 100 82 3 5
1000 100 100 82 3 5
1000 10 100 83 3 5
1000 100 100 83 3 5
1000 10 100 84 3 5
1000 100 100 84 3 5
1000 10 100 85 3 5
1000 100 100 85 3 5
1000 10 100 86 3 5
1000 100 100 86 3 5
1000 10 100 87 3 5
1000 100 100 87 3 5
1000 10 100 88 3 5
1000 100 100 88 3 5
1000 10 100 89 3 5
1000 100 100 89 3 5
1000 10 100 90 3 5
1000 100 100 90 3 5
1000 10 100 91 3 5
1000 100 100 91 3 5
1000 10 100 92 3 5
1000 100 100 92 3 5
1000 10 100 93 3 5
1000 100 100 93 3 5
1000 10 100 94 3 5
1000 100 100 94 3 5
1000 10 100 95 3 5
1000 100 100 95 3 5
1000 10 100 96 3 5
1000 100 100 96 3 5
1000 10 100 97 3 5
1000 100 100 97 3 5
1000 10 100 98 3 5
1000 100 100 98 3 5
1000 10 100 99 3 5
1000 100 100 99 3 5
1000 10 100 100 3 5
1000 100 100 100 3 5
1000 10 100 1 4 5
1000 100 100 1 4 5
1000 10 100 2 4 5
1000 100 100 2 4 5
1000 10 100 3 4 5
1000 100 100 3 4 5
1000 10 100 4 4 5
1000 100 100 4 4 5
1000 10 100 5 4 5
1000 100 100 5 4 5
1000 10 100 6 4 5
1000 100 100 6 4 5
1000 10 100 7 4 5
1000 100 100 7 4 5
1000 10 100 8 4 5
1000 100 100 8 4 5
1000 10 100 9 4 5
1000 100 100 9 4 5
1000 10 100 10 4 5
1000 100 100 10 4 5
1000 10 100 11 4 5
1000 100 100 11 4 5
1000 10 100 12 4 5
1000 100 100 12 4 5
1000 10 100 13 4 5
1000 100 100 13 4 5
1000 10 100 14 4 5
1000 100 100 14 4 5
1000 10 100 15 4 5
1000 100 100 15 4 5
1000 10 100 16 4 5
1000 100 100 16 4 5
1000 10 100 17 4 5
1000 100 100 17 4 5
1000 10 100 18 4 5
1000 100 100 18 4 5
1000 10 100 19 4 5
1000 100 100 19 4 5
1000 10 100 20 4 5
1000 100 100 20 4 5
1000 10 100 21 4 5
1000 100 100 21 4 5
1000 10 100 22 4 5
1000 100 100 22 4 5
1000 10 100 23 4 5
1000 100 100 23 4 5
1000 10 100 24 4 5
1000 100 100 24 4 5
1000 10 100 25 4 5
1000 100 100 25 4 5
1000 10 100 26 4 5
1000 100 100 26 4 5
1000 10 100 27 4 5
1000 100 100 27 4 5
1000 10 100 28 4 5
1000 100 100 28 4 5
1000 10 100 29 4 5
1000 100 100 29 4 5
1000 10 100 30 4 5
1000 100 100 30 4 5
1000 10 100 31 4 5
1000 100 100 31 4 5
1000 10 100 32 4 5
1000 100 100 32 4 5
1000 10 100 33 4 5
1000 100 100 33 4 5
1000 10 100 34 4 5
1000 100 100 34 4 5
1000 10 100 35 4 5
1000 100 100 35 4 5
1000 10 100 36 4 5
1000 100 100 36 4 5
1000 10 100 37 4 5
1000 100 100 37 4 5
1000 10 100 38 4 5
1000 100 100 38 4 5
1000 10 100 39 4 5
1000 100 100 39 4 5
1000 10 100 40 4 5
1000 100 100 40 4 5
1000 10 100 41 4 5
1000 100 100 41 4 5
1000 10 100 42 4 5
1000 100 100 42 4 5
1000 10 100 43 4 5
1000 100 100 43 4 5
1000 10 100 44 4 5
1000 100 100 44 4 5
1000 10 100 45 4 5
1000 100 100 45 4 5
1000 10 100 46 4 5
1000 100 100 46 4 5
1000 10 100 47 4 5
1000 100 100 47 4 5
1000 10 100 48 4 5
1000 100 100 48 4 5
1000 10 100 49 4 5
1000 100 100 49 4 5
1000 10 100 50 4 5
1000 100 100 50 4 5
1000 10 100 51 4 5
1000 100 100 51 4 5
1000 10 100 52 4 5
1000 100 100 52 4 5
1000 10 100 53 4 5
1000 100 100 53 4 5
1000 10 100 54 4 5
1000 100 100 54 4 5
1000 10 100 55 4 5
1000 100 100 55 4 5
1000 10 100 56 4 5
1000 100 100 56 4 5
1000 10 100 57 4 5
1000 100 100 57 4 5
1000 10 100 58 4 5
1000 100 100 58 4 5
1000 10 100 59 4 5
1000 100 100 59 4 5
1000 10 100 60 4 5
1000 100 100 60 4 5
1000 10 100 61 4 5
1000 100 100 61 4 5
1000 10 100 62 4 5
1000 100 100 62 4 5
1000 10 100 63 4 5
1000 100 100 63 4 5
1000 10 100 64 4 5
1000 100 100 64 4 5
1000 10 100 65 4 5
1000 100 100 65 4 5
1000 10 100 66 4 5
1000 100 100 66 4 5
1000 10 100 67 4 5
1000 100 100 67 4 5
1000 10 100 68 4 5
1000 100 100 68 4 5
1000 10 100 69 4 5
1000 100 100 69 4 5
1000 10 100 70 4 5
1000 100 100 70 4 5
1000 10 100 71 4 5
1000 100 100 71 4 5
1000 10 100 72 4 5
1000 100 100 72 4 5
1000 10 100 73 4 5
1000 100 100 73 4 5
1000 10 100 74 4 5
1000 100 100 74 4 5
1000 10 100 75 4 5
1000 100 100 75 4 5
1000 10 100 76 4 5
1000 100 100 76 4 5
1000 10 100 77 4 5
1000 100 100 77 4 5
1000 10 100 78 4 5
1000 100 100 78 4 5
1000 10 100 79 4 5
1000 100 100 79 4 5
1000 10 100 80 4 5
1000 100 100 80 4 5
1000 10 100 81 4 5
1000 100 100 81 4 5
1000 10 100 82 4 5
1000 100 100 82 4 5
1000 10 100 83 4 5
1000 100 100 83 4 5
1000 10 100 84 4 5
1000 100 100 84 4 5
1000 10 100 85 4 5
1000 100 100 85 4 5
1000 10 100 86 4 5
1000 100 100 86 4 5
1000 10 100 87 4 5
1000 100 100 87 4 5
1000 10 100 88 4 5
1000 100 100 88 4 5
1000 10 100 89 4 5
1000 100 100 89 4 5
1000 10 100 90 4 5
1000 100 100 90 4 5
1000 10 100 91 4 5
1000 100 100 91 4 5
1000 10 100 92 4 5
1000 100 100 92 4 5
1000 10 100 93 4 5
1000 100 100 93 4 5
1000 10 100 94 4 5
1000 100 100 94 4 5
1000 10 100 95 4 5
1000 100 100 95 4 5
1000 10 100 96 4 5
1000 100 100 96 4 5
1000 10 100 97 4 5
1000 100 100 97 4 5
1000 10 100 98 4 5
1000 100 100 98 4 5
1000 10 100 99 4 5
1000 100 100 99 4 5
1000 10 100 100 4 5
1000 100 100 100 4 5
